DenseMatrix 5x5-Double
-94    9    -9   -8   53
 39  -16   -86  -67   16
-15  -99    -3  -28  -63
-68   84  -100   28  -85
-52  -92    97  -65   92

DenseMatrix 5x5-Double
-0,00468767   0,00230141  -0,00176746  -0,00430674  -0,00288911
 -0,0138789   0,00032835   -0,0115638    0,0128388    0,0118816
 -0,0140806  -0,00500782  -0,00543869   0,00806958    0,0127139
  0,0219632  -0,00672009    0,0085206   -0,0186195    -0,022852
  0,0138349   0,00216124  -0,00080851   -0,0112587  -0,00843212

Determinant: -8429940363
