DenseMatrix 6x6-Double
 97  -69   -1  -22  -15   70
 40  -57  -71  -23  -88   60
 31    6  -75   76  -75  -33
 60   81  -87   35   31  -58
 12  -94  -33  -43   76  -63
-66  -31   84  -19  -45   10

DenseMatrix 6x6-Double
   0,0110502  -0,00243172  -0,000283095    0,012368  0,000439135   0,0108056
 -0,00113773   0,00192594   -0,00559206  0,00963079  -0,00460748  0,00478608
  0,00749624  -0,00645738   0,000219811  0,00528735  -0,00092332   0,0118457
-3,32999E-05   -0,0103784     0,0124495  -0,0179571   -0,0026563  -0,0172991
  -0,0019656    -0,005257  -0,000888495  -0,0107718  0,000624813  -0,0161712
 -0,00247272  0,000787551   -0,00139445  -0,0155216  -0,00586431  -0,0189886

Determinant: 749701262928
